function MAC = MAC(x)

global data

%x = x .*data.x0;
x = [4.24  0.98  20.04  4  -7  27  27  0.3156    0.2076    0.2577...
       0.1669    0.2176   0.1868   -0.1133   -0.0853   -0.2094   -0.0577...
       -0.1707     -0.1192  0.2712    0.2148    0.1857    0.1861  0.007801640961078...
       0.1684   0.1727   -0.0957   -0.0388   -0.2101   -0.0114   -0.1612...
       -0.0911   0.18206  0.5248  0.5483  0.5931  0.6461  0.6957...
       0.7059  0.6517  0.5585  0.4412  0.3068  0.1619  0.0137  -0.1143...
       -0.1713  -0.0208  -0.0184  -0.0167  -0.0152  -0.0133  -0.0113...
       -0.0105  -0.0105  -0.0107  -0.0111  -0.0118  -0.0134  -0.0179...
       -0.0288];

taper = x(2)/x(1);

MAC = (2/3)*x(1)*((1+taper+taper^2)/(1+taper));
end

